0 0.576953 0.484000 0.048906 0.051056
0 0.774297 0.871465 0.116094 0.150403
0 0.877840 0.645674 0.082555 0.071264
0 0.284570 0.689167 0.063672 0.120278
0 0.339715 0.545694 0.049477 0.061389
0 0.521824 0.659799 0.072602 0.120681
0 0.265859 0.587083 0.045625 0.074167
0 0.702500 0.599549 0.061563 0.072569
0 0.715770 0.513646 0.054508 0.059792
0 0.456187 0.603750 0.051344 0.076667
0 0.849453 0.693542 0.089219 0.087639
0 0.316953 0.424382 0.021094 0.022931
0 0.362699 0.436042 0.033508 0.029583
0 0.423598 0.539785 0.058711 0.077625
0 0.495078 0.550687 0.049219 0.060264
0 0.237105 0.523285 0.035461 0.059736
0 0.264777 0.483958 0.037805 0.044306
0 0.229984 0.453215 0.039344 0.039569
0 0.597168 0.461694 0.031633 0.035361
0 0.444227 0.462819 0.036422 0.035056
0 0.460016 0.448944 0.028313 0.034861
0 0.487305 0.434639 0.035703 0.043250
0 0.371914 0.408194 0.031719 0.024583
0 0.312461 0.404236 0.025000 0.021111
0 0.243117 0.408201 0.030609 0.029042
0 0.210281 0.403903 0.020063 0.029750
0 0.262711 0.396694 0.025000 0.019583
0 0.177855 0.394389 0.016336 0.015500
0 0.224625 0.388257 0.025656 0.030764
0 0.249961 0.917708 0.099141 0.163194
0 0.978520 0.595917 0.042961 0.156861
0 0.675027 0.960743 0.118742 0.078514
0 0.409402 0.675500 0.059086 0.113222
