0 0.323516 0.527778 0.045469 0.070556
0 0.556859 0.458347 0.036219 0.038972
0 0.484063 0.456389 0.034375 0.026667
0 0.431215 0.948125 0.129602 0.103750
0 0.970375 0.720139 0.059250 0.090000
0 0.262199 0.546424 0.041898 0.060069
0 0.314020 0.476562 0.039930 0.037097
0 0.615691 0.502660 0.051352 0.046653
0 0.632148 0.476097 0.049437 0.036167
0 0.621609 0.452049 0.047016 0.032514
0 0.322250 0.418778 0.029109 0.028000
0 0.306172 0.402924 0.025266 0.023319
0 0.272398 0.409653 0.027703 0.024861
0 0.200469 0.394194 0.026094 0.025389
0 0.224617 0.930035 0.113359 0.139931
0 0.502848 0.649896 0.069930 0.107847
0 0.383586 0.483792 0.041328 0.047222
0 0.825617 0.552569 0.072453 0.068750
0 0.281680 0.653819 0.056641 0.101806
0 0.836953 0.692778 0.084687 0.081667
0 0.559102 0.773889 0.081328 0.121111
0 0.766250 0.604639 0.066562 0.070944
0 0.459062 0.471840 0.037969 0.036181
0 0.390234 0.429028 0.031406 0.027778
0 0.348086 0.438889 0.028672 0.019639
0 0.244141 0.469826 0.038281 0.047847
