0 0.544289 0.734882 0.073797 0.113014
0 0.509031 0.564215 0.054641 0.060181
0 0.896098 0.457153 0.073289 0.058194
0 0.300234 0.596319 0.043125 0.077083
0 0.918777 0.549285 0.070258 0.055319
0 0.734469 0.799479 0.117031 0.181042
0 0.431645 0.570556 0.032227 0.062972
0 0.432129 0.509028 0.047305 0.063361
0 0.371773 0.476792 0.038500 0.039083
0 0.261559 0.487375 0.035148 0.038306
0 0.259793 0.453500 0.032289 0.032056
0 0.289754 0.439194 0.038477 0.038722
0 0.400344 0.414889 0.037734 0.035861
0 0.262664 0.410035 0.025766 0.028625
0 0.196434 0.387951 0.021383 0.021597
0 0.212781 0.401201 0.024000 0.024486
0 0.392098 0.633681 0.087039 0.192222
0 0.292363 0.506458 0.038789 0.058750
0 0.251438 0.552986 0.040563 0.048194
0 0.912813 0.595278 0.084531 0.065833
0 0.323035 0.417250 0.039508 0.034167
0 0.331289 0.487639 0.038359 0.043889
0 0.737969 0.494931 0.050312 0.054028
0 0.747812 0.578618 0.068125 0.063069
0 0.294336 0.776181 0.077109 0.139306
0 0.328320 0.539042 0.041953 0.058306
