0 0.244273 0.431854 0.038062 0.037264
0 0.326723 0.419111 0.030148 0.031194
0 0.287969 0.404653 0.025313 0.027361
0 0.179488 0.391868 0.014898 0.015542
0 0.200437 0.398840 0.024203 0.028625
0 0.215199 0.399590 0.019602 0.026681
0 0.447813 0.458507 0.046500 0.046736
0 0.491508 0.463236 0.038531 0.038694
0 0.515598 0.440292 0.048445 0.050778
0 0.432215 0.423715 0.033742 0.032153
0 0.364453 0.436812 0.036828 0.039819
0 0.722734 0.549583 0.062500 0.069444
0 0.385383 0.426611 0.018766 0.024889
0 0.625102 0.505972 0.052656 0.043611
0 0.532031 0.678604 0.069375 0.113069
0 0.500508 0.556285 0.064766 0.071875
0 0.838398 0.618958 0.088359 0.077639
0 0.595273 0.532007 0.046953 0.054014
0 0.352109 0.471389 0.045312 0.066389
0 0.290117 0.594167 0.080703 0.170833
0 0.341523 0.543472 0.041641 0.060833
0 0.440445 0.582167 0.052453 0.067889
0 0.249648 0.517861 0.046172 0.077333
0 0.971367 0.724500 0.057266 0.100278
0 0.834836 0.554215 0.080375 0.059597
0 0.254582 0.458944 0.032602 0.036417
