0 0.252625 0.403819 0.030953 0.029972
0 0.985582 0.636264 0.028383 0.087583
0 0.829414 0.612854 0.073828 0.063736
0 0.662813 0.518750 0.050781 0.051944
0 0.380820 0.627292 0.049922 0.079583
0 0.632656 0.561528 0.052656 0.048611
0 0.344527 0.490931 0.039742 0.052028
0 0.336875 0.427986 0.023750 0.028472
0 0.193453 0.475410 0.013625 0.033875
0 0.199695 0.442021 0.011969 0.031097
0 0.273965 0.839493 0.085648 0.135764
0 0.507133 0.464465 0.040359 0.037986
0 0.423809 0.421687 0.037070 0.034153
0 0.853082 0.944194 0.107055 0.111611
0 0.859102 0.707910 0.104609 0.102236
0 0.433039 0.900417 0.104859 0.199167
0 0.597008 0.642868 0.070672 0.089764
0 0.238707 0.520139 0.038367 0.059167
0 0.308164 0.527986 0.042422 0.062917
0 0.294441 0.466993 0.039195 0.050181
0 0.342102 0.411653 0.026328 0.020000
0 0.561801 0.487708 0.045164 0.043444
0 0.566816 0.446042 0.042648 0.035139
0 0.190094 0.395361 0.019875 0.024194
