0 0.779234 0.645764 0.085812 0.108750
0 0.842543 0.615944 0.072773 0.069472
0 0.990824 0.642319 0.018023 0.057972
0 0.262273 0.901354 0.121719 0.197292
0 0.551395 0.472396 0.049398 0.055069
0 0.291441 0.503799 0.037898 0.049764
0 0.624047 0.679708 0.076531 0.101861
0 0.439023 0.582187 0.050391 0.062819
0 0.231484 0.468750 0.033750 0.035000
0 0.327250 0.538944 0.040344 0.064000
0 0.475699 0.633681 0.058758 0.082361
0 0.699477 0.538438 0.055891 0.057153
0 0.735328 0.519236 0.051219 0.049861
0 0.284766 0.627875 0.061719 0.108139
0 0.616543 0.499931 0.051570 0.059028
0 0.543918 0.584215 0.057461 0.077625
0 0.462492 0.523771 0.053203 0.068264
0 0.379559 0.513958 0.044414 0.062000
0 0.385957 0.483618 0.039148 0.039708
0 0.324270 0.445500 0.040336 0.047417
0 0.274598 0.463146 0.035961 0.037153
0 0.235555 0.441840 0.030781 0.030819
0 0.270391 0.437639 0.035047 0.033333
0 0.661730 0.467736 0.047320 0.045417
0 0.559715 0.449958 0.034992 0.038583
0 0.516625 0.433542 0.045688 0.041472
0 0.464531 0.450917 0.035766 0.037000
0 0.407258 0.447069 0.030359 0.031333
0 0.341598 0.419736 0.027102 0.023639
0 0.372332 0.440931 0.032367 0.032111
0 0.299102 0.403354 0.025391 0.021069
0 0.267758 0.415285 0.015687 0.014931
0 0.255855 0.401590 0.024086 0.025875
0 0.228273 0.409306 0.019047 0.020917
0 0.175160 0.379611 0.062711 0.074889
