0 0.814422 0.519597 0.059906 0.057917
0 0.554844 0.460278 0.059844 0.055000
0 0.324727 0.421771 0.035703 0.026042
0 0.497559 0.481389 0.042305 0.038750
0 0.275516 0.706875 0.062094 0.099028
0 0.770344 0.572639 0.064281 0.072500
0 0.772773 0.652569 0.075859 0.082639
0 0.608117 0.889674 0.110719 0.182292
0 0.271941 0.832722 0.080508 0.161889
0 0.686523 0.742688 0.090188 0.116347
0 0.462691 0.949444 0.114289 0.095083
0 0.635313 0.558306 0.056562 0.053667
0 0.966715 0.698750 0.066570 0.068056
0 0.760305 0.405313 0.032203 0.042431
0 0.478785 0.612458 0.065195 0.092361
0 0.380246 0.614681 0.060945 0.091472
0 0.397832 0.446944 0.035539 0.027750
0 0.426734 0.432535 0.039719 0.050542
0 0.593129 0.462757 0.037570 0.037847
0 0.322063 0.403264 0.020234 0.016278
0 0.274488 0.488062 0.038305 0.044542
0 0.307008 0.466861 0.041438 0.044111
0 0.237820 0.533799 0.037250 0.048458
0 0.238199 0.410257 0.026758 0.024042
0 0.191156 0.397743 0.019609 0.022875
0 0.266113 0.408444 0.023492 0.023556
