0 0.720352 0.598347 0.066953 0.068861
0 0.385770 0.625972 0.059242 0.093056
0 0.454258 0.590319 0.058516 0.076583
0 0.777695 0.562389 0.085078 0.096056
0 0.528359 0.727500 0.067656 0.103333
0 0.845859 0.561625 0.067656 0.077694
0 0.273879 0.599139 0.043336 0.075611
0 0.815977 0.927736 0.152453 0.144528
0 0.432633 0.937757 0.134000 0.124486
0 0.258137 0.551014 0.040742 0.058250
0 0.265699 0.481312 0.044383 0.054764
0 0.346898 0.491028 0.046047 0.058250
0 0.454320 0.520465 0.047234 0.062208
0 0.480629 0.434306 0.035617 0.030556
0 0.303750 0.414319 0.022500 0.021639
0 0.612422 0.477361 0.035625 0.034167
0 0.575656 0.479681 0.051938 0.050083
0 0.482188 0.468194 0.040313 0.040833
0 0.584648 0.524236 0.048203 0.043750
0 0.374086 0.441563 0.035000 0.036153
0 0.407590 0.435486 0.033258 0.033583
0 0.249566 0.396681 0.026320 0.023500
0 0.184848 0.390257 0.019930 0.023042
0 0.211996 0.402799 0.026477 0.047569
0 0.780781 0.423472 0.035969 0.052833
