0 0.189645 0.396660 0.019039 0.017931
0 0.662438 0.472083 0.045188 0.042778
0 0.897004 0.962799 0.160367 0.074403
0 0.284242 0.778264 0.081516 0.171806
0 0.936348 0.685035 0.085977 0.090903
0 0.979418 0.582778 0.041164 0.072222
0 0.446914 0.575174 0.053047 0.069375
0 0.608945 0.478056 0.047422 0.057500
0 0.591633 0.533333 0.048422 0.046389
0 0.397734 0.659861 0.071875 0.136111
0 0.929129 0.610556 0.083602 0.079444
0 0.522512 0.693181 0.066539 0.116250
0 0.682348 0.721694 0.085461 0.128083
0 0.811176 0.676153 0.084992 0.082917
0 0.678652 0.964271 0.109570 0.071458
0 0.547406 0.583424 0.070156 0.103125
0 0.286414 0.631639 0.047609 0.077639
0 0.274793 0.592160 0.040117 0.062653
0 0.330102 0.547278 0.043406 0.062000
0 0.341270 0.493972 0.039648 0.052639
0 0.345910 0.465424 0.036883 0.034792
0 0.237211 0.524583 0.035828 0.053333
0 0.201992 0.478354 0.030781 0.051264
0 0.240527 0.466257 0.034586 0.045792
0 0.265016 0.448778 0.041203 0.039333
0 0.499543 0.483785 0.049008 0.050514
0 0.536602 0.433514 0.038875 0.038889
0 0.444180 0.462576 0.040344 0.035958
0 0.472641 0.422472 0.046484 0.046556
0 0.391188 0.440771 0.033281 0.036236
0 0.377699 0.415979 0.026320 0.034847
0 0.314547 0.416403 0.029812 0.027639
0 0.264895 0.411785 0.022836 0.025319
0 0.237812 0.400271 0.025203 0.027625
0 0.171668 0.392056 0.015570 0.018167
0 0.212680 0.437861 0.036125 0.035417
0 0.676910 0.580743 0.062211 0.066819
