0 0.239055 0.401542 0.019766 0.021889
0 0.263031 0.415653 0.022031 0.024194
0 0.597602 0.826569 0.094047 0.139778
0 0.401004 0.680417 0.060992 0.118333
0 0.495598 0.629160 0.061461 0.103069
0 0.766078 0.642278 0.077219 0.085111
0 0.919375 0.653382 0.097188 0.106292
0 0.702695 0.504271 0.055391 0.058125
0 0.629687 0.512153 0.049531 0.047917
0 0.647801 0.565514 0.057477 0.054083
0 0.443660 0.501944 0.049195 0.072222
0 0.468437 0.437361 0.037031 0.052778
0 0.308816 0.520694 0.039664 0.052778
0 0.543281 0.505903 0.047813 0.048472
0 0.871625 0.932944 0.144406 0.134111
0 0.297191 0.418944 0.031680 0.029000
0 0.370051 0.590486 0.048023 0.068472
0 0.419102 0.426528 0.038359 0.054444
0 0.658215 0.697694 0.087992 0.116500
0 0.664684 0.967431 0.111164 0.065139
0 0.971484 0.843417 0.057031 0.138194
0 0.532227 0.584701 0.054203 0.064681
0 0.232277 0.920625 0.129039 0.158750
0 0.375645 0.520937 0.042070 0.054014
0 0.380437 0.477083 0.040344 0.045111
0 0.332727 0.482479 0.041203 0.047431
0 0.256863 0.480000 0.036914 0.047222
0 0.249543 0.446347 0.037336 0.039778
0 0.201367 0.449944 0.022266 0.034889
0 0.541859 0.455604 0.047609 0.049653
0 0.346316 0.421556 0.032992 0.029111
0 0.349734 0.405583 0.026734 0.019500
0 0.217129 0.405903 0.022961 0.015417
0 0.189609 0.393306 0.014094 0.013833
