0 0.453320 0.959646 0.118156 0.080708
0 0.396125 0.691528 0.059344 0.093444
0 0.502059 0.554562 0.048539 0.057542
0 0.620352 0.551875 0.053203 0.052639
0 0.267055 0.540556 0.039641 0.061667
0 0.242711 0.466847 0.037453 0.050750
0 0.651836 0.519514 0.053359 0.042639
0 0.743398 0.561049 0.057422 0.051819
0 0.774258 0.542222 0.054297 0.048333
0 0.733359 0.621181 0.069531 0.071528
0 0.207645 0.485625 0.029867 0.058472
0 0.288008 0.502028 0.037891 0.042056
0 0.561289 0.512778 0.048516 0.049167
0 0.866848 0.720812 0.096039 0.097514
0 0.663898 0.492125 0.048422 0.034778
0 0.435801 0.442514 0.027586 0.031611
0 0.428660 0.501632 0.044945 0.053764
0 0.368457 0.507979 0.049711 0.059486
0 0.222562 0.425396 0.032891 0.031681
0 0.216410 0.397458 0.033211 0.030528
0 0.347469 0.430278 0.033891 0.032222
0 0.507488 0.445583 0.116742 0.131556
