0 0.343945 0.430819 0.025938 0.023056
0 0.506660 0.425514 0.101617 0.094972
0 0.303312 0.420410 0.019141 0.018958
0 0.388492 0.427722 0.033188 0.030861
0 0.258609 0.550694 0.042375 0.072222
0 0.331738 0.539444 0.041523 0.061389
0 0.301055 0.651563 0.051656 0.096042
0 0.424969 0.562688 0.051031 0.072681
0 0.626141 0.871222 0.116234 0.179778
0 0.473211 0.971889 0.107672 0.056222
0 0.253805 0.945278 0.114547 0.109444
0 0.363551 0.411111 0.022695 0.021194
0 0.220344 0.393049 0.018469 0.023042
0 0.248207 0.400965 0.028508 0.023903
0 0.284578 0.401979 0.029641 0.022458
0 0.373648 0.511285 0.044609 0.049986
0 0.322195 0.477132 0.040297 0.039653
0 0.275711 0.488785 0.038797 0.048986
0 0.682148 0.496875 0.051016 0.045417
0 0.803672 0.505431 0.066875 0.050583
0 0.571562 0.522292 0.045156 0.049306
0 0.778758 0.655208 0.083922 0.077639
0 0.821484 0.559736 0.068125 0.057194
0 0.709844 0.553403 0.057188 0.061528
0 0.651953 0.440625 0.121875 0.092639
0 0.962680 0.607993 0.074641 0.077903
0 0.565230 0.478840 0.052023 0.052153
